10110000010000000000000110010000
10110000111000001110011000010100
10000000000000000000000000000000
10000000000000000000000000000000
10000000000000000000000000000000
10110000110011100111110000111000
10110000111000001110011000010100
10000000000000000000000000000000
10000000000000000000000000000000
10000000000000000000000000000000
10110000011011100111101100001100
01100001010010000000000000000000
10000000000000000000000000000000
10000000000000000000000000000000
10000000000000000000000000000000
01000001010110000000000000000000
10110000010001000000000000000001
10000000000000000000000000000000
10000000000000000000000000000000
10110000110011000000000000000001
00110010001111111111111111110111
10000000000000000000000000000000
10000000000000000000000000000000
10000000000000000000000000000000
10000000000000000000000000000000
10110001000000000000000000000001
