b0200005
b0400190
b060e614
80000000
80000000
80000000
b0867b0c
80000000
80000000
80000000
b068012c
b0a00001
b0c00001
80000000
b1a0012c
b1800028
80e8c000
80000000
80000000
80000000
621c0000
80000000
80000000
80000000
85102000
80000000
80000000
80000000
b7102710
80000000
80000000
80000000
8110a000
80e8a000
80000000
80000000
80000000
625c0000
80000000
80000000
80000000
85322000
80000000
80000000
80000000
b7322710
80000000
80000000
80000000
8132c000
80000000
80000000
80000000
85512000
80000000
80000000
80000000
81546000
62c80000
80000000
80000000
80000000
42e80000
b0440001
36d0000f
80000000
80000000
80000000
80000000
35d00010
80000000
80000000
80000000
80000000
00000012
80000000
80000000
80000000
80000000
b0cc0001
0fffffc0
80000000
80000000
80000000
80000000
b0aa0001
b0c00001
0fffffb9
80000000
80000000
80000000
80000000
81c00000
