10110000001000000000000000000101
10110000010000000000000110010000
10110000100000000000010101100101
10110001001000000000010101100101
10110001010000000000000000000000
10110001100000000000000000101000
01100001010100000000000000000000
10000000000000000000000000000000
10000000000000000000000000000000
10000000000000000000000000000000
10000100110000101010000000000000
10000000000000000000000000000000
10000000000000000000000000000000
10110000100010000000000000000001
10000000110011000100000000000000
10000000000000000000000000000000
10000000000000000000000000000000
10000000000000000000000000000000
10000001000011000000000000000000
01100001011001000000000000000000
10000000000000000000000000000000
10000000000000000000000000000000
10000000000000000000000000000000
10000100111010100010000000000000
10000000000000000000000000000000
10000000000000000000000000000000
10000000000000000000000000000000
10000000111011100110000000000000
10000000000000000000000000000000
10000000000000000000000000000000
10000000000000000000000000000000
10000100111100001110000000000000
10000000000000000000000000000000
10000000000000000000000000000000
10000000000000000000000000000000
01000000100111000000000000000000
10000000000000000000000000000000
10000000000000000000000000000000
10000000000000000000000000000000
10110000010001000000000000000001
10110001010000000000000000000001
10110001011000000000000100101100
10000000000000000000000000000000
10000000000000000000000000000000
10000000000000000000000000000000
00101010101100000000000000000101
10000000000000000000000000000000
10000000000000000000000000000000
10000000000000000000000000000000
10000000000000000000000000000000
10110010100010000000000100101100
10000001010000000000000000000000
10110001001100100000000000000001
10110001011000011111111110111000
10000000000000000000000000000000
10000000000000000000000000000000
10000000000000000000000000000000
00101001101100000000000000001010
10000000000000000000000000000000
10000000000000000000000000000000
10000000000000000000000000000000
10000000000000000000000000000000
00001111111111111111111111001000
10000000000000000000000000000000
10000000000000000000000000000000
10000000000000000000000000000000
10000000000000000000000000000000
10110000101010100000000000101000
10000000000000000000000000000000
10000000000000000000000000000000
10000000000000000000000000000000
00110101110011111111111110111111
10000000000000000000000000000000
10000000000000000000000000000000
10000000000000000000000000000000
10000000000000000000000000000000
